011000000
101010010
011000001
101010011
000000010
110010100
010000111
110000100
101110100
000000010
110010101
010000001
101110101
010000011
110000101
000000101
110010110
010011110
100100110
010000111
110000110
010001100
110110110
011111111
110010111
000000100
101000111
100001000
111011000
011000010
101100111
011000011
101101000
111111111
000000101
110010110
010001110
100100110
010000111
110000110
010001010
110100110
100000111
000000100
101000111
100001000
011000010
101100111
011000011
101101000
111111111
000000101
110010110
010011000
100100110
010000111
110000110
010101011
110110110
000000011
110011000
010000110
101110010
010000001
110000010
010000101
101110011
010000011
110001000
000001000
101000010
010000001
110011000
010000111
101111000
000001000
101000010
010011110
110010111
000000101
100100111
000000010
110011000
000000111
110000010
110000011
010001000
110011001
000000111
100101001
000001001
101111000
000001000
101000011
000000100
101000010
011000010
101100010
011000011
101100011
111111111
010000100
110011000
000001000
101000010
010000101
101110010
110000010
010011001
110011001
000000101
100101001
000001001
110011010
010001001
100101010
010101011
110101010
000000010
110011010
000000011
110011100
000001001
110000010
110000011
010001000
110011011
000001001
100101011
000001011
101111010
101111100
000001010
101000011
000001100
110011101
010000111
110001101
010001110
110101101
000000011
110011101
010000111
101111101
010000001
101111100
000001101
101001100
010000100
110101100
010000001
100010011
111110010
000000100
101000010
011000010
101100010
011000011
101100011
111111111
010010001
110011001
000000101
100101001
000000010
110011010
000000011
110011100
000001001
110000010
110000011
010001000
110011011
000001001
100101011
000001011
101111010
101111100
000001010
101000011
000000011
110011101
010000111
110001101
010001101
110101101
000000010
110011101
010000111
101111101
000001101
101001100
000000011
101001100
010000011
110101100
010000001
100010010
011000010
101100100
011000011
101100010
111111111
