100000000
100000001
100000010
100000011
100000100
100000101
100000110
100000111
100001000
100001001
100001010
100001011
100001100
100001101
100001110
100001111
011111111
111000001
101010010
111000001
101010011
111000001
101010100
111000001
101010101
111000001
110010000
000000010
110010111
000000100
110011000
010000001
101110111
101111000
010000011
110000111
110001000
000000010
110010110
110010111
000000100
110011110
110011111
010000111
110000110
101110110
110001110
101111110
010000001
101110111
101111111
010000011
110000111
110001111
010000110
101110010
110000010
101110100
110000100
010000100
101000010
101000100
000000111
110011001
000001111
110011010
000001111
100101001
000000111
100101010
000001001
110011100
000001010
100101100
010000111
110001100
010010011
110101100
000001110
110010110
000001111
110010111
000001010
110011001
000000010
110011010
000000011
110011011
000000100
110010010
000000101
110010011
000001010
110010100
000001011
110010101
000001001
110011010
010001001
100101010
010000111
110001010
100001100
010011000
110111010
100001011
000001001
110011010
010001000
100101010
000000100
110011011
000000101
110011100
000001010
110000100
110000101
010001000
110011101
000001010
100101101
000001101
101111011
101111100
000001011
101000101
010001000
110011001
010010001
110101001
000000100
110011011
000000101
110011010
000001001
110000100
110000101
010001000
110011101
000001001
100101101
000001101
101111011
101111010
000001011
101000101
000000101
100010011
111110010
000000100
100010010
000000011
110011000
010000111
101111000
000001010
110011001
010000111
110001001
010000001
101111010
000001100
101001010
010001000
110101001
000001000
101001010
010000100
110101010
010000001
100010011
111110010
000000010
110010100
010001000
100110100
010011100
110100100
000000010
110010101
010000001
110000010
110000011
010000111
101110101
000000101
101000011
111000111
000000111
110011000
010100000
100111000
010001100
110101000
011111111
110011001
000000110
101001001
100001010
111011010
000000000
101101001
111000001
101101010
111111111
010000110
101110010
110000010
010000010
101110111
000000111
101000010
000000110
101000010
000000000
101100010
111000001
101100011
111111111
