010000001
101010010
010000010
101010011
010000001
101010010
010000010
101010011
000000010
110010100
010000111
110000100
101110100
010011101
110010101
010000001
101110010
110000010
000000010
101001000
000000011
101001000
010001000
110111000
100000110
100000111
010000101
101100110
010000110
101100111
111111111
000000010
110010110
010000110
110000110
010001101
110110110
000000011
110010111
010000001
101110010
101110011
010000111
110001000
000001000
101000010
111010101
010010001
111100000
000000011
110010110
110010111
110011001
010000100
110000110
010000011
110000111
010000001
100110110
100110111
010000101
101111001
100001000
010000011
110101001
010000001
110011000
010001000
110100111
000000111
100010110
010000100
110100110
010001000
100010011
111110010
000000010
110010110
010000111
110000110
010001011
110100110
000000010
110010110
010000001
110000010
110000011
010000111
101110110
000000110
101000011
111000101
000000010
110010111
000000011
110011000
010000100
101110111
110001000
000001000
101000111
010000010
101110101
010000010
101110010
010000110
110000010
100000110
000000100
101000110
000000101
101000110
000000010
101000110
010000101
101100110
010000110
101100111
111111111
